2.55662 467.691
23.0058 467.691
63.8841 469.039
125.151 471.023
206.746 471.023
308.589 476.674
430.579 472.647
572.596 473.346
734.499 479.127
916.129 478.825
1117.31 475.933
1337.83 474
1577.49 471.655
1836.05 471.017
2113.24 471.087
2408.8 475.925
2722.43 480.533
3053.83 482.145
3402.67 489.147
3768.6 494.128
4151.26 502.62
4550.28 504.83
4965.26 513.686
5395.79 527.882
5841.45 512.782
6301.79 504.924
6776.37 502.666
7264.71 509.975
7766.33 511.529
8280.75 519.012
8807.44 521.977
9345.89 529.394
9895.57 541.529
10455.9 550.707
11026.4 560.679
11606.5 579.804
12195.6 601.017
12793 624.521
13398.4 632.612
14010.9 633.93
14630.1 655.793
15255.2 718.568
15885.8 782.533
16521.1 840.221
17160.6 852.671
17803.7 855.458
18449.5 802.255
19097.7 784.195
19747.4 774.718
20398.1 735.862
21049.1 706.898
21699.9 686.383
22349.6 654.941
22997.7 632.964
23643.6 644.336
24286.6 687.523
24926.1 705.207
25561.5 723.506
26192 731.502
26817.2 724.224
27436.4 679.229
28048.9 652.223
28654.2 618.21
29251.7 597.777
29840.8 578.203
30420.8 566.688
30991.3 556.042
31551.7 551.334
32101.4 537.385
32639.8 532.062
33166.5 533.875
33680.9 528.704
34182.6 519.959
34670.9 519.095
35145.5 510.893
35605.8 510.25
36051.5 502.574
36482 503.299
36897 511.88
37296 521.543
37678.7 522.283
38044.6 510.082
38393.4 506.345
38724.8 501.684
39038.5 495
39334 489.456
39611.2 483.571
39869.8 481.577
40109.4 479.871
40330 475.752
40531.1 473.107
40712.8 470.321
40874.7 472.01
41016.7 471
41138.7 471.788
41240.5 472.818
41322.1 472.818
41383.4 473.784
41424.3 474.699
41444.7 474.699
