1.50138 30.5076
13.5102 30.5076
37.516 30.8462
73.4951 31.1178
121.412 31.1178
181.219 32.2909
252.858 32.5024
336.258 33.6618
431.336 35.2848
537.998 35.7115
656.14 38.4291
785.645 40.8019
926.385 42.7629
1078.22 43.5484
1241 38.5548
1414.57 42.7895
1598.75 43.0977
1793.37 42.5477
1998.22 40.4811
2213.11 40.3856
2437.83 41.3053
2672.16 38.0186
2915.86 40.6638
3168.69 41.2369
3430.4 44.8191
3700.74 43.2254
3979.43 35.1833
4266.21 36.0759
4560.79 33.2341
4862.88 34.9381
5172.18 37.7503
5488.38 40.459
5811.18 45.1911
6140.26 50.9111
6475.29 53.4098
6815.93 47.3047
7161.86 50.2219
7512.73 48.0796
7868.2 49.3299
8227.91 64.7751
8591.52 73.3492
8958.65 60.0765
9328.96 73.2089
9702.07 72.542
10077.6 70.6937
10455.2 67.8228
10834.5 74.9302
11215.1 72.225
11596.7 63.4707
11978.8 56.0668
12361.1 54
12743.3 57.4632
13124.8 62.8018
13505.4 60.8378
13884.7 61.9932
14262.4 66.2845
14637.9 65.9747
15011 65.2903
15381.3 68.513
15748.4 70.7687
16112.1 69.8346
16471.8 71.9238
16827.2 75.8657
17178.1 70.8012
17524 74.4367
17864.7 80.5098
18199.7 79.6612
18528.8 87.3563
18851.6 92.0982
19167.8 97.7688
19477.1 96.4592
19779.2 95.4846
20073.8 88
20360.5 86.8598
20639.2 91.749
20909.6 92.1365
21171.3 84.9548
21424.1 86.4682
21667.8 87.2692
21902.1 91.8611
22126.9 76.6922
22341.7 68.8153
22546.6 73.9337
22741.2 81.3788
22925.4 82.9694
23099 79.4321
23261.7 77.2681
23413.6 75.8219
23554.3 74.7091
23683.8 82.146
23802 86.7514
23908.6 87.3126
24003.7 87.6866
24087.1 86.6535
24158.7 86.1995
24218.6 86.3522
24266.5 86.3522
24302.5 86.8477
24326.5 87
24338.5 87
