0.409067 467.691
3.6815 467.691
10.2259 467.691
20.0411 467.691
33.1257 467.691
49.4775 469.039
69.0941 469.039
91.9722 469.039
118.108 469.039
147.498 471.023
180.137 471.023
216.021 473.572
255.142 473.572
297.496 476.674
343.076 476.674
391.873 472.647
443.882 472.647
499.092 470.514
557.497 473.346
619.086 473.346
683.849 476.706
751.777 479.127
822.859 479.758
897.084 478.825
974.439 476.903
1054.91 475.933
1138.49 475.384
1225.17 474.877
1314.92 474
1407.73 473.997
1503.6 472.309
1602.5 471.655
1704.42 471.108
1809.35 471.017
1917.26 471.809
2028.14 472
2141.97 472.185
2258.74 473.389
2378.42 475.925
2501 476.146
2626.46 478.921
2754.78 480.533
2885.93 481.087
3019.9 481.965
3156.67 482.697
3296.21 486.213
3438.5 489.147
3583.52 491.674
3731.25 494.128
3881.66 496.416
4034.73 500.355
4190.43 502.62
4348.75 505.16
4509.65 505.551
4673.12 507.056
4839.11 510.722
5007.62 513.686
5178.61 522.028
5352.05 528.67
5527.92 520.308
5706.19 509.658
5886.83 514.097
6069.81 507.573
6255.11 505.114
6442.69 500.128
6632.53 501.026
6824.59 502.666
7018.85 506.669
7215.27 509.975
7413.83 513.41
7614.48 512.082
7817.21 511.529
8021.97 514.55
8228.74 519.08
8437.49 518.05
8648.17 519.905
8860.76 524.51
9075.22 526.099
9291.53 529.283
9509.64 529.912
9729.52 532.988
9951.13 545.322
10174.4 547.951
10399.4 549.148
10626 550.116
10854.2 551.28
11084 560.679
11315.3 574.952
11548.1 578.557
11782.3 584.747
12017.9 592.918
12254.9 604.024
12493.3 611.404
12732.9 620.511
12973.8 632.489
13216 634.707
13459.3 631.803
13703.8 628.726
13949.3 632.72
14196 636.814
14443.6 646.422
14692.3 661.385
14941.9 680.355
15192.5 709.457
15443.9 729.123
15696.1 760.978
15949.1 794.179
16202.9 830.691
16457.4 834.567
16712.6 840.805
16968.4 847.113
17224.8 852.671
17481.7 860.936
17739.2 855.458
17997.1 833.972
18255.5 815.08
18514.3 798.855
18773.4 791.734
19032.8 786.672
19292.5 780.594
19552.4 775.035
19812.5 774.336
20072.7 757.053
20333 738.967
20593.4 731.828
20853.8 720.725
21114.2 708.964
21374.6 703.201
21634.8 687.994
21894.9 686.179
22154.8 671.106
22414.5 648.334
22673.9 636.778
22933 633.977
23191.8 633.134
23450.1 635.496
23708.1 644.336
23965.5 675.277
24222.5 687.523
24478.9 686.998
24734.7 698.055
24989.9 709.5
25244.4 714.237
25498.1 716.66
25751.2 730.264
26003.4 731.357
26254.8 731.027
26505.3 727.437
26755 729.113
27003.6 709.997
27251.3 691.87
27497.9 675.616
27743.5 662.891
27988 656.58
28231.3 641.022
28473.4 629.138
28714.3 621.725
28954 606.545
29192.3 599.905
29429.3 590.79
29665 583.63
29899.2 575.292
30132 569.827
30363.3 566.688
30593 564.973
30821.2 559.712
31047.8 556.73
31272.8 553.557
31496.1 552.934
31717.8 544.926
31937.6 537.558
32155.7 538.642
32372 536.683
32586.5 533.198
32799.1 536.906
33009.8 537.002
33218.5 533.881
33425.3 531.907
33630.1 528.704
33832.8 526.206
34033.4 522.288
34232 519.959
34428.4 518.434
34622.7 519.095
34814.7 515.079
35004.6 513.407
35192.2 511.93
35377.5 514.885
35560.4 511.848
35741.1 508.545
35919.4 504.12
36095.2 502.466
36268.7 499.938
36439.7 503.299
36608.2 503.244
36774.2 506.396
36937.6 517.163
37098.5 517.905
37256.8 521.543
37412.5 526.218
37565.6 528.522
37716 522.283
37863.8 514.209
38008.8 510.082
38151.1 508.868
38290.6 505.009
38427.4 504.521
38561.3 504.647
38692.5 501.684
38820.8 500.098
38946.3 496.306
39068.8 495
39188.5 491.984
39305.3 490.912
39419.1 487.182
39530 485.137
39637.9 483.571
39742.8 481.985
39844.8 481.577
39943.7 481
40039.5 480.948
40132.4 479.871
40222.1 478.747
40308.8 477.097
40392.4 475.752
40472.8 474.927
40550.2 473.107
40624.4 471.606
40695.5 470.321
40763.4 471.505
40828.2 472.01
40889.8 472.01
40948.2 471.264
41003.4 471
41055.4 471
41104.2 471.788
41149.8 471.788
41192.1 472.389
41231.3 472.389
41267.1 472.818
41299.8 472.818
41329.2 473.784
41355.3 473.784
41378.2 473.784
41397.8 473.784
41414.1 474.699
41427.2 474.699
41437 474.699
41443.6 474.699
41446.9 474.699
