0.240225 30.5076
2.16197 30.5076
6.00515 30.5076
11.7692 30.5076
19.4531 30.5076
29.0558 30.8462
40.5756 30.8462
54.0108 30.8462
69.3593 30.8462
86.6186 31.1178
105.786 31.1178
126.858 31.0451
149.833 31.0451
174.705 32.2909
201.472 32.2909
230.128 32.5024
260.67 32.5024
293.093 33.5138
327.391 33.6618
363.559 33.6618
401.591 33.6167
441.482 35.2848
483.225 34.7224
526.814 35.7115
572.241 37.7276
619.499 38.4291
668.581 40.3209
719.48 40.3288
772.187 40.8019
826.693 41.1
882.991 41.7226
941.071 42.7629
1000.92 43.5605
1062.54 43.5484
1125.91 44.1008
1191.03 40.2093
1257.88 38.9164
1326.45 39.3059
1396.73 42.7895
1468.72 43.3261
1542.39 42.5865
1617.75 43.0977
1694.77 41.8649
1773.44 42.8702
1853.76 44.0731
1935.7 43.3314
2019.26 40.4811
2104.43 39.8975
2191.18 40.3856
2279.51 39.5537
2369.4 40.5872
2460.84 41.3053
2553.81 39.0122
2648.3 38.3738
2744.29 39.258
2841.78 39.9265
2940.73 40.6638
3041.14 41.3491
3143 40.1881
3246.28 42.9072
3350.97 45.3652
3457.05 45.5538
3564.51 43.95
3673.32 42.2871
3783.48 40.7287
3894.96 38.7937
4007.75 35.1833
4121.83 35.165
4237.18 36.0759
4353.78 36.446
4471.62 34.2587
4590.67 33.2341
4710.91 36.4748
4832.34 35.1246
4954.93 35.0976
5078.65 36.7005
5203.49 37.6536
5329.44 37.4781
5456.46 39.3376
5584.55 40.7616
5713.67 42.8694
5843.82 46.3084
5974.96 47
6107.08 49.4188
6240.16 54.6103
6374.17 52.9642
6509.1 53.4098
6644.93 52.3544
6781.62 48.1361
6919.17 46.9392
7057.55 49.4764
7196.73 50
7336.7 49.2487
7477.43 48.309
7618.91 50.5939
7761.1 49.8008
7903.99 49.2203
8047.55 52.9606
8191.76 62.557
8336.6 67.8331
8482.05 70.5406
8628.08 73.6949
8774.67 60.2048
8921.79 59.7707
9069.43 62.9568
9217.56 69.0509
9366.15 72.9851
9515.18 73.1124
9664.64 73.5304
9814.49 72.9727
9964.71 74.0579
10115.3 70.6937
10266.2 68.1939
10417.4 67.8228
10568.8 70.0337
10720.6 73.6633
10872.5 74.698
11024.7 73
11177 72.9788
11329.5 69.4873
11482.2 65.99
11634.9 62.2636
11787.7 60.0288
11940.6 56.73
12093.5 55.6777
12246.4 54.3445
12399.4 53.9769
12552.3 53.491
12705.1 56.6305
12857.8 61.2559
13010.4 61.8824
13162.9 61.5442
13315.3 61.5553
13467.4 61.4503
13619.4 60.9785
13771.1 61.0651
13922.6 61.9932
14073.8 62.0191
14224.7 66.2845
14375.3 70.3043
14525.5 67.5814
14675.3 65.3809
14824.8 64.2389
14973.8 65.8752
15122.4 65.8354
15270.5 67.6744
15418.2 68.275
15565.3 69.5042
15711.9 70.2668
15857.9 70.8463
16003.4 69.8422
16148.2 69.6017
16292.4 72.4271
16436 71.7462
16578.9 73.7918
16721.1 75.5963
16862.5 75.042
17003.3 72.6803
17143.2 71.1781
17282.4 69.2369
17420.8 71.404
17558.3 76.4868
17695 77.8152
17830.9 80.5098
17965.8 82.36
18099.8 81.1004
18232.9 79.1185
18365 79.863
18496.2 83.3593
18626.3 92
18755.4 91.2964
18883.5 93.2468
19010.5 93.4501
19136.5 96.2745
19261.3 99.7669
19385 98.5472
19507.6 95.6957
19629.1 94.4303
19749.3 95.4846
19868.4 92.8978
19986.2 87.9804
20102.8 88
20218.1 87.923
20332.2 86.8598
20445 90.7828
20556.5 91.8765
20666.6 91.7511
20775.5 94.7894
20882.9 94.9241
20989 89.5
21093.7 87.8072
21197 82.9949
21298.8 83.1839
21399.2 86.4682
21498.2 87.0348
21595.7 87.1872
21691.7 87.6773
21786.2 89.6291
21879.1 91.8611
21970.6 92.0212
22060.5 86.2949
22148.8 76.6922
22235.5 70.7421
22320.7 68.8153
22404.3 69.6176
22486.2 71.7709
22566.5 76.0589
22645.2 78.3671
22722.2 81.3788
22797.6 81.9742
22871.2 82.686
22943.2 82.9694
23013.5 81.9064
23082.1 80.6712
23148.9 78.1927
23214.1 77.6989
23277.4 77.2681
23339 76.7976
23398.9 75.8219
23457 75.17
23513.3 74.753
23567.8 74.7091
23620.5 77.4216
23671.4 80.4813
23720.5 82.146
23767.7 84.8512
23813.2 86.7514
23856.7 87.9409
23898.5 87.3126
23938.4 86.8745
23976.4 87.6866
24012.6 87.6866
24046.9 87.5377
24079.3 86.6535
24109.8 86.6535
24138.5 86.1995
24165.3 86.1995
24190.1 86.2416
24213.1 86.2416
24234.2 86.3522
24253.3 86.3522
24270.6 86.8477
24286 86.8477
24299.4 86.8477
24310.9 86.8477
24320.5 87
24328.2 87
24334 87
24337.8 87
24339.7 87
