6.00515 30.5076
54.0108 30.8462
149.833 31.0451
293.093 33.5138
483.225 34.7224
719.48 40.3288
1000.92 43.5605
1326.45 39.3059
1694.77 41.8649
2104.43 39.8975
2553.81 39.0122
3041.14 41.3491
3564.51 43.95
4121.83 35.165
4710.91 36.4748
5329.44 37.4781
5974.96 47
6644.93 52.3544
7336.7 49.2487
8047.55 52.9606
8774.67 60.2048
9515.18 73.1124
10266.2 68.1939
11024.7 73
11787.7 60.0288
12552.3 53.491
13315.3 61.5553
14073.8 62.0191
14824.8 64.2389
15565.3 69.5042
16292.4 72.4271
17003.3 72.6803
17695 77.8152
18365 79.863
19010.5 93.4501
19629.1 94.4303
20218.1 87.923
20775.5 94.7894
21298.8 83.1839
21786.2 89.6291
22235.5 70.7421
22645.2 78.3671
23013.5 81.9064
23339 76.7976
23620.5 77.4216
23856.7 87.9409
24046.9 87.5377
24190.1 86.2416
24286 86.8477
24334 87
