10.2259 467.691
91.9722 469.039
255.142 473.572
499.092 470.514
822.859 479.758
1225.17 474.877
1704.42 471.108
2258.74 473.389
2885.93 481.087
3583.52 491.674
4348.75 505.16
5178.61 522.028
6069.81 507.573
7018.85 506.669
8021.97 514.55
9075.22 526.099
10174.4 547.951
11315.3 574.952
12493.3 611.404
13703.8 628.726
14941.9 680.355
16202.9 830.691
17481.7 860.936
18773.4 791.734
20072.7 757.053
21374.6 703.201
22673.9 636.778
23965.5 675.277
25244.4 714.237
26505.3 727.437
27743.5 662.891
28954 606.545
30132 569.827
31272.8 553.557
32372 536.683
33425.3 531.907
34428.4 518.434
35377.5 514.885
36268.7 499.938
37098.5 517.905
37863.8 514.209
38561.3 504.647
39188.5 491.984
39742.8 481.985
40222.1 478.747
40624.4 471.606
40948.2 471.264
41192.1 472.389
41355.3 473.784
41437 474.699
